0.000000000000000000e+00 1.000000000000000000e+00 0.000000000000000000e+00
2.040816326530612290e-01 1.020824656793009932e+00 2.040816326530612290e-01
4.081632653061224580e-01 1.083298625972518581e+00 4.081632653061224580e-01
6.122448979591836871e-01 1.187421907938365884e+00 6.122448979591836871e-01
8.163265306122449161e-01 1.333194502690552508e+00 8.163265306122449161e-01
1.020408163265306145e+00 1.520616410229077786e+00 1.020408163265306145e+00
1.224489795918367374e+00 1.749687630553943052e+00 1.224489795918367374e+00
1.428571428571428603e+00 2.020408163665146528e+00 1.428571428571428603e+00
1.632653061224489832e+00 2.332778009562689103e+00 1.632653061224489832e+00
1.836734693877551061e+00 2.686797168246570777e+00 1.836734693877551061e+00
2.040816326530612290e+00 3.082465639716791550e+00 2.040816326530612290e+00
2.244897959183673741e+00 3.519783423973351866e+00 2.244897959183673741e+00
2.448979591836734748e+00 3.998750521016249948e+00 2.448979591836734748e+00
2.653061224489795755e+00 4.519366930845489350e+00 2.653061224489795755e+00
2.857142857142857206e+00 5.081632653461066518e+00 2.857142857142857206e+00
3.061224489795918657e+00 5.685547688862983229e+00 3.061224489795918657e+00
3.265306122448979664e+00 6.331112037051236818e+00 3.265306122448979664e+00
3.469387755102040671e+00 7.018325698025830839e+00 3.469387755102040671e+00
3.673469387755102122e+00 7.747188671786764402e+00 3.673469387755102122e+00
3.877551020408163573e+00 8.517700958334035732e+00 3.877551020408163573e+00
4.081632653061224580e+00 9.329862557667645717e+00 4.081632653061224580e+00
4.285714285714285587e+00 1.018367346978759613e+01 4.285714285714285587e+00
4.489795918367347483e+00 1.107913369469388876e+01 4.489795918367347483e+00
4.693877551020408490e+00 1.201624323238651471e+01 4.693877551020408490e+00
4.897959183673469497e+00 1.299500208286548109e+01 4.897959183673469497e+00
5.102040816326530503e+00 1.401541024613078612e+01 5.102040816326530503e+00
5.306122448979591510e+00 1.507746772218242981e+01 5.306122448979591510e+00
5.510204081632653406e+00 1.618117451102041571e+01 5.510204081632653406e+00
5.714285714285714413e+00 1.732653061264473848e+01 5.714285714285714413e+00
5.918367346938775420e+00 1.851353602705540169e+01 5.918367346938775420e+00
6.122448979591837315e+00 1.974219075425240533e+01 6.122448979591837315e+00
6.326530612244898322e+00 2.101249479423574584e+01 6.326530612244898322e+00
6.530612244897959329e+00 2.232444814700542324e+01 6.530612244897959329e+00
6.734693877551020336e+00 2.367805081256136646e+01 6.734693877551020336e+00
6.938775510204081343e+00 2.507330279090376735e+01 6.938775510204081343e+00
7.142857142857143238e+00 2.651020408203248735e+01 7.142857142857142350e+00
7.346938775510204245e+00 2.798875468594752647e+01 7.346938775510203357e+00
7.551020408163265252e+00 2.950895460264888470e+01 7.551020408163264364e+00
7.755102040816327147e+00 3.107080383213661889e+01 7.755102040816325371e+00
7.959183673469388154e+00 3.267430237441067220e+01 7.959183673469389930e+00
8.163265306122449161e+00 3.431945022947104462e+01 8.163265306122447384e+00
8.367346938775510168e+00 3.600624739731779300e+01 8.367346938775511944e+00
8.571428571428571175e+00 3.773469387795080365e+01 8.571428571428569398e+00
8.775510204081632182e+00 3.950478967137024711e+01 8.775510204081633958e+00
8.979591836734694965e+00 4.131653477757600967e+01 8.979591836734694965e+00
9.183673469387755972e+00 4.316992919656809136e+01 9.183673469387755972e+00
9.387755102040816979e+00 4.506497292834649215e+01 9.387755102040816979e+00
9.591836734693877986e+00 4.700166597291126891e+01 9.591836734693877986e+00
9.795918367346938993e+00 4.898000833026236478e+01 9.795918367346938993e+00
1.000000000000000000e+01 5.100000000039983661e+01 1.000000000000000000e+01
